             Date/Symbol         FXF          FXY        FXA        FXC
1    2010-10-11 00:00:00     0.34054      1.62687   0.522446     1.2246
2    2010-10-18 00:00:00 -0.00353042       1.6314   0.454574    1.08953
3    2010-10-25 00:00:00  -0.0750851      1.71893   0.451931    1.15337
4    2010-11-01 00:00:00     0.28421      1.63464   0.741048    1.33008
5    2010-11-08 00:00:00  -0.0111421      1.52897   0.523636    1.25126
6    2010-11-15 00:00:00   -0.192312      1.43237   0.527173    1.17169
7    2010-11-22 00:00:00   -0.361301      1.37856   0.328239    1.15781
8    2010-11-29 00:00:00   0.0573675      1.50044   0.566965    1.30122
9    2010-12-06 00:00:00  -0.0172312       1.3844   0.541663    1.25026
10   2010-12-13 00:00:00    0.144145      1.39283   0.574481    1.21694
11   2010-12-20 00:00:00    0.328359      1.47581   0.727041    1.25026
12   2010-12-27 00:00:00    0.753119      1.64242   0.893792    1.34372
13   2011-01-03 00:00:00    0.189819      1.46608   0.637454    1.41219
14   2011-01-10 00:00:00    0.233969      1.46997   0.610685    1.43339
15   2011-01-17 00:00:00    0.326837      1.50887   0.620475    1.37787
16   2011-01-24 00:00:00    0.597831      1.54972   0.652515    1.32696
17   2011-01-31 00:00:00    0.384691      1.54194   0.818941    1.44357
18   2011-02-07 00:00:00   0.0878153      1.42589   0.745174    1.45922
19   2011-02-14 00:00:00    0.527798      1.45636    0.86929    1.46755
20   2011-02-21 00:00:00     0.82924      1.59186   0.902332    1.53789
21   2011-02-28 00:00:00    0.873391      1.52897   0.846078    1.60361
22   2011-03-07 00:00:00    0.814016      1.56852   0.891649    1.61082
23   2011-03-14 00:00:00     1.28293      1.67808   0.742089    1.46551
24   2011-03-21 00:00:00    0.964736      1.60936   0.999119    1.50531
25   2011-03-28 00:00:00    0.887092      1.36365    1.09226    1.67747
26   2011-04-04 00:00:00     1.16874      1.29493    1.26399    1.74588
27   2011-04-11 00:00:00     1.48084      1.45247    1.29634    1.71996
28   2011-04-18 00:00:00     1.61329      1.57435    1.47335    1.78753
29   2011-04-25 00:00:00     2.01674      1.63918    1.67372    1.86251
30   2011-05-02 00:00:00     1.77163      1.69105    1.40596    1.65146
31   2011-05-09 00:00:00     1.46105      1.66706    1.32514    1.63302
32   2011-05-16 00:00:00     1.72595      1.58278    1.43151    1.59413
33   2011-05-23 00:00:00     2.25728      1.66317    1.45945     1.5534
34   2011-05-30 00:00:00     2.62571      1.72346    1.45585    1.54322
35   2011-06-06 00:00:00     2.45672      1.71115    1.34291    1.54357
36   2011-06-13 00:00:00     2.34254      1.74162    1.40894    1.52876
37   2011-06-20 00:00:00     2.57547      1.69818    1.30944     1.4621
38   2011-06-27 00:00:00     2.32579      1.66382    1.54098    1.73894
39   2011-07-04 00:00:00      2.5846      1.68327    1.55892    1.71616
40   2011-07-11 00:00:00     3.11289      1.83821       1.47    1.78469
41   2011-07-18 00:00:00     2.99871      1.90305    1.65964    1.83469
42   2011-07-25 00:00:00     3.72795      2.05734    1.79394     1.7708
43   2011-08-01 00:00:00     4.23949      1.89916    1.29397    1.54763
44   2011-08-08 00:00:00     3.93196      2.07226    1.22681    1.43172
45   2011-08-15 00:00:00     3.73252      2.10726    1.28509    1.45024
46   2011-08-22 00:00:00     3.21946      2.08652    1.45079    1.50489
47   2011-08-29 00:00:00     3.64574      2.06837    1.48994    1.49285
48   2011-09-05 00:00:00     1.61329       1.9977    1.35114    1.38002
49   2011-09-12 00:00:00     1.75945      2.06772    1.27988    1.53934
50   2011-09-19 00:00:00     1.24791      2.09106   0.738151    1.08175
51   2011-09-26 00:00:00      1.1794      2.03465   0.657757   0.921499
52   2011-10-03 00:00:00    0.820105      2.06383   0.729927    1.00209
53   2011-10-10 00:00:00      1.4306      2.02493    1.28593    1.25354
54   2011-10-17 00:00:00     1.65896      2.13903    1.29601    1.26465
55   2011-10-24 00:00:00     2.02739      2.18312    1.64153    1.42122
56   2011-10-31 00:00:00     1.55848      1.91731    1.31342    1.19425
57   2011-11-07 00:00:00     1.26009      2.02947    1.26106    1.24221
58   2011-11-14 00:00:00    0.975393      2.05151    1.01826    1.10137
59   2011-11-21 00:00:00    0.742462      1.96723   0.734074   0.909559
60   2011-11-28 00:00:00    0.917541       1.9387    1.18105    1.17828
61   2011-12-05 00:00:00    0.839898      1.98538    1.22302    1.18347
62   2011-12-12 00:00:00    0.635892      1.95491    1.00345    1.01665
63   2011-12-19 00:00:00    0.611533      1.92574    1.17781    1.17235
64   2011-12-26 00:00:00    0.578039      2.04308    1.25531    1.17976
65   2012-01-02 00:00:00    0.319225      2.04049    1.22948    1.10377
66   2012-01-09 00:00:00    0.363376      2.04503    1.34062    1.14667
67   2012-01-16 00:00:00    0.661773      2.03984    1.50812    1.23102
68   2012-01-23 00:00:00     1.04847      2.06901    1.68208    1.34317
69   2012-01-30 00:00:00    0.940379      2.08392    1.76999     1.4099
70   2012-02-06 00:00:00    0.961692      1.96917    1.69222    1.32361
71   2012-02-13 00:00:00    0.932766      1.77338    1.75162     1.3885
72   2012-02-20 00:00:00     1.37427      1.62557    1.73213    1.35235
73   2012-02-27 00:00:00     1.02411      1.54907    1.75162    1.45524
74   2012-03-05 00:00:00    0.925153      1.48813    1.63931    1.43373
75   2012-03-12 00:00:00     0.97387      1.39866    1.65235    1.42539
76   2012-03-19 00:00:00     1.11394      1.48748    1.55927    1.36421
77   2012-03-26 00:00:00     1.21442      1.44988    1.45595    1.37441
78   2012-04-02 00:00:00    0.903839      1.48748    1.38522     1.4087
79   2012-04-09 00:00:00    0.899272      1.61973    1.48266    1.36597
80   2012-04-16 00:00:00     1.08653      1.56722    1.48732     1.4216
81   2012-04-23 00:00:00     1.12611      1.68132    1.58348    1.53099
82   2012-04-30 00:00:00    0.940379      1.73319     1.3006    1.39193
83   2012-05-07 00:00:00    0.725715      1.72606    1.19276    1.34259
84   2012-05-14 00:00:00    0.544545      1.80839    0.99145    1.16272
85   2012-05-21 00:00:00    0.217223      1.74875   0.947444    1.08762
86   2012-05-28 00:00:00   0.0999946       1.9011   0.860363    1.00046
87   2012-06-04 00:00:00    0.201998      1.77857    1.11111    1.11321
88   2012-06-11 00:00:00    0.395347      1.84729    1.27072    1.15587
89   2012-06-18 00:00:00    0.273552      1.67354    1.25852    1.13269
90   2012-06-25 00:00:00    0.381644      1.71957    1.41624    1.19018
91   2012-07-02 00:00:00  -0.0750851      1.75134    1.38808    1.18462
92   2012-07-09 00:00:00   -0.132937      1.78505     1.4185    1.22219
93   2012-07-16 00:00:00   -0.233418      1.86674    1.57098    1.23981
94   2012-07-23 00:00:00  -0.0644283       1.8622    1.66603    1.31401
95   2012-07-30 00:00:00   0.0269185      1.85572     1.7291    1.33627
96   2012-08-06 00:00:00  -0.0674723      1.88554    1.77492    1.43932
97   2012-08-13 00:00:00  -0.0217989      1.75329    1.63623    1.45695
98   2012-08-20 00:00:00    0.198953      1.83951    1.62585    1.43376
99   2012-08-27 00:00:00    0.282687      1.87971    1.55698    1.49034
100  2012-09-03 00:00:00    0.442542      1.88295    1.59944    1.56362
101  2012-09-10 00:00:00    0.753119      1.86869    1.78423    1.63097
102  2012-09-17 00:00:00    0.646548      1.89656    1.68683     1.5781
103  2012-09-24 00:00:00     0.51562      1.90499    1.62346    1.51409
104  2012-10-01 00:00:00    0.696788      1.83821    1.40973    1.55583
105  2012-10-08 00:00:00    0.637413      1.86674     1.4973    1.55379
106  2012-10-15 00:00:00    0.713535      1.77274    1.58829     1.4202
107  2012-10-22 00:00:00    0.597831      1.74032     1.6338    1.37845
108  2012-10-29 00:00:00    0.504963      1.65863    1.58734    1.39701
109  2012-11-05 00:00:00    0.370988      1.75523    1.64137      1.347
110  2012-11-12 00:00:00    0.416661      1.57824    1.60536    1.35071
111  2012-11-19 00:00:00    0.728759      1.46997    1.72479    1.43515
112  2012-11-26 00:00:00    0.740939      1.46479     1.6973    1.41752
113  2012-12-03 00:00:00    0.606965      1.46284    1.73522    1.44257
114  2012-12-10 00:00:00    0.887092        1.363    1.82599    1.48813
115  2012-12-17 00:00:00    0.922109      1.29752    1.68543    1.42225
116  2012-12-24 00:00:00    0.970826      1.13545    1.65504    1.39255
117  2012-12-31 00:00:00    0.782045     0.961698    1.74811    1.48071
118  2013-01-07 00:00:00    0.963214     0.875473    1.79845    1.50772
119  2013-01-14 00:00:00    0.599352     0.808049    1.77851    1.43812
120  2013-01-21 00:00:00    0.733328     0.739328    1.70632     1.3017
121  2013-01-28 00:00:00      1.0774     0.592809    1.66643    1.38429
122  2013-02-04 00:00:00    0.900794     0.601238    1.61173    1.33519
123  2013-02-11 00:00:00     0.81706      0.54289    1.60032    1.30456
124  2013-02-18 00:00:00    0.675475     0.551318    1.63077     1.1737
125  2013-02-25 00:00:00     0.44711     0.540945    1.49565    1.11616
126  2013-03-04 00:00:00    0.297912     0.365253    1.55231    1.10325
127  2013-03-11 00:00:00    0.500394     0.410634    1.71626    1.18865
128  2013-03-18 00:00:00    0.483649      0.47352    1.75629    1.15338
129  2013-03-25 00:00:00    0.329883     0.494915    1.72674    1.22021
130  2013-04-01 00:00:00    0.606965      0.24337      1.701    1.21372
131  2013-04-08 00:00:00    0.686132     0.186319    1.83149    1.23925
132  2013-04-15 00:00:00    0.596308     0.131212    1.62428    1.12877
133  2013-04-22 00:00:00     0.44102     0.221328    1.61855    1.21325
134  2013-04-29 00:00:00    0.556725     0.161683    1.64529    1.29216
135  2013-05-06 00:00:00    0.192864  0.000253247    1.36415    1.26291
136  2013-05-13 00:00:00  -0.0583381    -0.103476    1.09727    1.10507
137  2013-05-20 00:00:00    0.125876    0.0281306    1.03223    1.07721
138  2013-05-27 00:00:00    0.200476    0.0676776   0.957613    1.03728
139  2013-06-03 00:00:00    0.539978     0.264764   0.879179    1.18678
140  2013-06-10 00:00:00    0.798792     0.475465   0.984638    1.21262
141  2013-06-17 00:00:00    0.565859     0.242722   0.648318   0.965589
142  2013-06-24 00:00:00    0.398391      0.14353   0.563041    0.91358
143  2013-07-01 00:00:00   0.0923841    0.0184059   0.469141   0.869003
144  2013-07-08 00:00:00    0.381644     0.134454   0.490104    1.01733
145  2013-07-15 00:00:00    0.462333    0.0689745   0.621587    1.04241
146  2013-07-22 00:00:00    0.667863     0.209009   0.701245    1.12601
147  2013-07-29 00:00:00    0.649593     0.164276   0.332709    1.02012
148  2013-08-05 00:00:00    0.777478     0.342561   0.627573    1.10818
149  2013-08-12 00:00:00    0.705924     0.252446   0.624689    1.07008
150  2013-08-19 00:00:00    0.794224     0.178539   0.481453   0.929801
151  2013-08-26 00:00:00    0.631324     0.208361   0.357444   0.907502
152  2013-09-02 00:00:00    0.500394     0.149365   0.625653     1.0097
153  2013-09-09 00:00:00    0.645026     0.137695   0.698549    1.06157
154  2013-09-16 00:00:00    0.967783      0.13186   0.857407    1.10524
155  2013-09-23 00:00:00     1.05913      0.20123    0.76787    1.10245
156  2013-09-30 00:00:00     1.03781     0.255039   0.874735    1.11174
157  2013-10-07 00:00:00    0.957123     0.179187   0.924031    1.05784
158  2013-10-14 00:00:00     1.12764     0.225866    1.12264    1.11081
159  2013-10-21 00:00:00     1.30728     0.255039    1.04262   0.973262
160  2013-10-28 00:00:00    0.932766     0.166221   0.881617   0.996498
161  2013-11-04 00:00:00    0.759209     0.140289     0.8471   0.954391
162  2013-11-11 00:00:00    0.885571    0.0702709   0.844209   0.982275
163  2013-11-18 00:00:00     1.01498  0.000253247   0.645321   0.915348
164  2013-11-25 00:00:00      1.0302   -0.0697644   0.587392   0.832614
165  2013-12-02 00:00:00     1.28901   -0.0924552   0.579666   0.805657
166  2013-12-09 00:00:00     1.33317    -0.115146   0.456108   0.856792
167  2013-12-16 00:00:00     1.23116    -0.165066   0.425169   0.814016
168  2013-12-23 00:00:00      1.2951    -0.229249   0.371997    0.76846
169  2013-12-30 00:00:00      1.0439    -0.207206   0.429038   0.820527
170  2014-01-06 00:00:00     1.09414    -0.163769   0.502809    0.61398
171  2014-01-13 00:00:00    0.938855    -0.176735   0.285932   0.557252
172  2014-01-20 00:00:00     1.24334   -0.0580948   0.216221   0.483784
173  2014-01-27 00:00:00     1.01954   -0.0542046    0.27141   0.434496
174  2014-02-03 00:00:00     1.19006   -0.0613361   0.465046   0.509825
175  2014-02-10 00:00:00     1.29054   -0.0328103    0.55531   0.553276
176  2014-02-17 00:00:00     1.36666   -0.0807856   0.492286    0.44073
177  2014-02-24 00:00:00     1.52651   -0.0321623   0.450592   0.485375
178  2014-03-03 00:00:00     1.56001    -0.126167   0.584398   0.471425
179  2014-03-10 00:00:00     1.66201  -0.00363646   0.559331   0.469004
180  2014-03-17 00:00:00     1.47475   -0.0555015    0.61856   0.385279
181  2014-03-24 00:00:00     1.38036   -0.0982898   0.782644   0.496914
182  2014-03-31 00:00:00     1.28749    -0.122926   0.807886   0.558309
183  2014-04-07 00:00:00     1.59502   -0.0269757   0.928958   0.561763
184  2014-04-14 00:00:00     1.43974   -0.0736542   0.865749   0.534784
185  2014-04-21 00:00:00     1.48236   -0.0580948   0.816159   0.519892
186  2014-04-28 00:00:00     1.53565   -0.0632809   0.804487   0.558042
187  2014-05-05 00:00:00     1.37731   -0.0399417   0.905825     0.6256
188  2014-05-12 00:00:00     1.27379   -0.0237339   0.914594   0.655384
189  2014-05-19 00:00:00     1.20376   -0.0503149   0.790905   0.646075
190  2014-05-26 00:00:00     1.20833   -0.0405902   0.862974   0.669342
191  2014-06-02 00:00:00     1.24791   -0.0866202   0.877583   0.599544
192  2014-06-09 00:00:00     1.11241   -0.0522598   0.962559   0.659753
193  2014-06-16 00:00:00     1.19767   -0.0606876   0.955729   0.742593
194  2014-06-23 00:00:00     1.27836   -0.0178994   0.990844   0.814266
195  2014-06-30 00:00:00     1.22507    -0.069116   0.915739   0.844051
196  2014-07-07 00:00:00     1.25857   -0.0166025   0.968361   0.757475
197  2014-07-14 00:00:00     1.14591   -0.0172509   0.971294   0.758409
198  2014-07-21 00:00:00     1.02563   -0.0444799   0.978129   0.694168
199  2014-07-28 00:00:00    0.996708   -0.0918068   0.884348   0.602931
200  2014-08-04 00:00:00     1.01345   -0.0632809   0.868207   0.571918
201  2014-08-11 00:00:00     1.05608   -0.0768954   0.920071   0.634308
202  2014-08-18 00:00:00    0.871868     -0.17479   0.906368   0.592404
203  2014-08-25 00:00:00       0.779    -0.181922   0.936702   0.650138
204  2014-09-01 00:00:00    0.543023     -0.24027   0.967031   0.641756
205  2014-09-08 00:00:00    0.498873    -0.369284    0.65388   0.479148
206  2014-09-15 00:00:00     0.39078    -0.454212   0.549025   0.592767
207  2014-09-22 00:00:00    0.205043    -0.473013    0.39027   0.434446
208  2014-09-29 00:00:00  -0.0307214    -0.501539   0.289334   0.358079
209  2014-10-06 00:00:00    0.108015    -0.390678   0.318247   0.392441
210  2014-10-13 00:00:00    0.307732    -0.346593   0.398729   0.343071
211  2014-10-20 00:00:00    0.214734    -0.413369   0.431112   0.382193
212  2014-10-27 00:00:00   0.0439819    -0.633146   0.439948   0.352388
213  2014-11-03 00:00:00 -0.00937757    -0.742711   0.268189   0.304878
214  2014-11-10 00:00:00   0.0942928    -0.824398   0.405843   0.346799
215  2014-11-17 00:00:00  -0.0718841    -0.888581   0.316392   0.377545
216  2014-11-24 00:00:00   -0.024623    -0.933963   0.165013   0.234058
217  2014-12-01 00:00:00   -0.212145     -1.05649 -0.0256819   0.235922
218  2014-12-08 00:00:00  0.00434411    -0.933315  -0.080121   0.141338
219  2014-12-15 00:00:00   -0.311241    -0.976751  -0.184471   0.118972
220  2014-12-22 00:00:00   -0.364601     -1.01306  -0.207119  0.0994014
221  2014-12-29 00:00:00   -0.571941     -1.01759  -0.239603  0.0108733
222  2015-01-05 00:00:00   -0.759463    -0.930073  -0.116954 -0.0535384
223  2015-01-12 00:00:00     1.93139    -0.888581 -0.0824451  -0.122504
224  2015-01-19 00:00:00     1.49232    -0.897657  -0.393064   -0.41142
225  2015-01-26 00:00:00    0.766626    -0.882098   -0.52323  -0.577311
226  2015-02-02 00:00:00    0.643136    -0.946929  -0.514356  -0.467336
227  2015-02-09 00:00:00    0.518121    -0.943039  -0.538245  -0.431161
228  2015-02-16 00:00:00    0.385485    -0.956653  -0.459225  -0.478696
229  2015-02-23 00:00:00    0.173571    -0.981289  -0.484907  -0.454461
230  2015-03-02 00:00:00   -0.337159     -1.02926  -0.585655  -0.515979
231  2015-03-09 00:00:00   -0.646645     -1.06038  -0.664085  -0.620325
232  2015-03-16 00:00:00   -0.215193     -1.00074  -0.515758  -0.501021
233  2015-03-23 00:00:00   0.0607522    -0.961192  -0.530594  -0.515934
234  2015-03-30 00:00:00   0.0592285    -0.990366  -0.715501    -0.4917
235  2015-04-06 00:00:00   -0.251783     -1.00917  -0.599719  -0.501952
236  2015-04-13 00:00:00    0.185766    -0.946929  -0.502689  -0.286642
237  2015-04-20 00:00:00    0.141554    -0.952115   -0.45219  -0.250292
238  2015-04-27 00:00:00    0.481532     -1.00917  -0.448229  -0.244699
239  2015-05-04 00:00:00    0.502876    -0.989069  -0.347219  -0.203686
240  2015-05-11 00:00:00    0.781872    -0.972213  -0.233208  -0.159877
241  2015-05-18 00:00:00    0.278765     -1.07011  -0.453294  -0.332313
242  2015-05-25 00:00:00    0.354993     -1.17773   -0.62183  -0.418064
243  2015-06-01 00:00:00    0.344321     -1.23997  -0.651571  -0.418996
244  2015-06-08 00:00:00    0.522695     -1.14791  -0.534887  -0.341633
245  2015-06-15 00:00:00    0.736134     -1.11808  -0.496177  -0.317399
246  2015-06-22 00:00:00    0.425123     -1.16671  -0.608331   -0.34443
247  2015-06-29 00:00:00    0.272667     -1.13494  -0.640092  -0.481445
248  2015-07-06 00:00:00    0.326027     -1.12716  -0.813954   -0.56347
249  2015-07-13 00:00:00  -0.0185246     -1.17643  -0.872574  -0.731243
250  2015-07-20 00:00:00  -0.0490166     -1.16735  -0.962988  -0.762003
251  2015-07-27 00:00:00    -0.10695     -1.17319  -0.940138  -0.786236
252  2015-08-03 00:00:00   -0.395092     -1.18356  -0.850717  -0.816063
253  2015-08-10 00:00:00   -0.283798      -1.1881  -0.875474  -0.790897
254  2015-08-17 00:00:00    0.168996     -1.09734  -0.912282  -0.836568
255  2015-08-24 00:00:00   -0.064262     -1.07011   -1.07741  -0.860804
256  2015-08-31 00:00:00   -0.233489    -0.965082   -1.32312   -0.88597
257  2015-09-07 00:00:00   -0.169456     -1.03445   -1.15434  -0.879444
258  2015-09-14 00:00:00   -0.180128     -1.01046   -1.04282  -0.859871
259  2015-09-21 00:00:00   -0.356978      -1.0364   -1.20512  -0.917658
260  2015-09-28 00:00:00   -0.235012       -1.015   -1.19416  -0.836568
261  2015-10-05 00:00:00  -0.0764576     -1.02148  -0.905204  -0.710739
262  2015-10-12 00:00:00   0.0622771    -0.990366  -0.958027  -0.695825
263  2015-10-19 00:00:00   -0.361552     -1.07205   -1.01284   -0.84589
264  2015-10-26 00:00:00   -0.494189     -1.04158   -1.09457  -0.791829
265  2015-11-02 00:00:00   -0.765561     -1.15115   -1.18328  -0.909271
266  2015-11-09 00:00:00   -0.786905     -1.12651   -1.09667  -0.920455
267  2015-11-16 00:00:00   -0.954607     -1.13753  -0.987906  -0.933506
268  2015-11-23 00:00:00    -1.10554     -1.13299   -1.02782  -0.950285
269  2015-11-30 00:00:00   -0.640547     -1.14791  -0.889129  -0.952147
270  2015-12-07 00:00:00   -0.449977      -1.0526   -1.02837   -1.13483
271  2015-12-14 00:00:00   -0.576516     -1.07205   -1.03636    -1.2355
272  2015-12-21 00:00:00   -0.518581     -1.02926  -0.945453    -1.1889
273  2015-12-28 00:00:00   -0.730496     -1.02343  -0.922475   -1.18703
274  2016-01-04 00:00:00    -0.62835     -0.90414   -1.24314   -1.33057
275  2016-01-11 00:00:00   -0.742693    -0.882746    -1.3455   -1.50487
276  2016-01-18 00:00:00   -0.950033    -0.963785   -1.19749   -1.33244
277  2016-01-25 00:00:00     -1.0659     -1.06362   -1.12749   -1.26812
278  2016-02-01 00:00:00   -0.600908    -0.882746   -1.13849   -1.22245
279  2016-02-08 00:00:00   -0.375273    -0.708999   -1.09875   -1.20101
280  2016-02-15 00:00:00   -0.576516    -0.680473    -1.0507   -1.15534
281  2016-02-22 00:00:00   -0.667989    -0.740766   -1.07072   -1.02858
282  2016-02-29 00:00:00     -0.6314    -0.744007  -0.771382  -0.928844
283  2016-03-07 00:00:00   -0.478944    -0.734283  -0.634442  -0.883173
284  2016-03-14 00:00:00   -0.286848    -0.631201  -0.591358  -0.778779
285  2016-03-21 00:00:00   -0.373748    -0.687605  -0.655488  -0.888766
286  2016-03-28 00:00:00   -0.109998     -0.63185  -0.516206  -0.767595
287  2016-04-04 00:00:00    -0.03377    -0.452267  -0.632459  -0.762935
288  2016-04-11 00:00:00   -0.259406    -0.478848  -0.463933  -0.669726
289  2016-04-18 00:00:00   -0.433206     -0.62796  -0.472966  -0.579314
290  2016-04-25 00:00:00   -0.126768    -0.355669  -0.579292  -0.506612
291  2016-05-02 00:00:00   -0.338683     -0.39392  -0.819033  -0.721923
292  2016-05-09 00:00:00   -0.376797    -0.473662  -0.909423  -0.727516
293  2016-05-16 00:00:00   -0.619203    -0.561184  -0.951594  -0.832841
294  2016-05-23 00:00:00   -0.695431    -0.568315  -0.989748  -0.784373
295  2016-05-30 00:00:00   -0.422534    -0.367339  -0.811026  -0.735903
296  2016-06-06 00:00:00    -0.22739    -0.377064  -0.794531  -0.628714
297  2016-06-13 00:00:00   -0.174031     -0.23249   -0.77242  -0.699553
298  2016-06-20 00:00:00   -0.358503    -0.119684  -0.703077  -0.765732
299  2016-06-27 00:00:00   -0.393567    -0.141079  -0.678959   -0.72006
300  2016-07-04 00:00:00   -0.553647   -0.0101195  -0.602399  -0.789965
301  2016-07-11 00:00:00   -0.536877    -0.310936  -0.565186  -0.731243
302  2016-07-18 00:00:00   -0.629875    -0.349186  -0.696936  -0.846819
303  2016-07-25 00:00:00   -0.340208    -0.110608  -0.559153  -0.801148
304  2016-08-01 00:00:00   -0.514008   -0.0950485  -0.546077  -0.857075
305  2016-08-08 00:00:00   -0.430158    -0.062633  -0.506905  -0.750818
306  2016-08-15 00:00:00   -0.204522   0.00543985  -0.533079  -0.693961
307  2016-08-22 00:00:00   -0.491139   -0.0995867  -0.597504  -0.773188
308  2016-08-29 00:00:00    -0.52773    -0.230545  -0.592469  -0.767595
309  2016-09-05 00:00:00    -0.45455    -0.153396  -0.602419  -0.791829
310  2016-09-12 00:00:00   -0.538402    -0.129409  -0.663858  -0.887832
311  2016-09-19 00:00:00   -0.363076   -0.0567979  -0.535943  -0.865463
312  2016-09-26 00:00:00   -0.401191   -0.0781923  -0.494645  -0.837499
313  2016-10-03 00:00:00   -0.500287    -0.170252  -0.571194  -0.925115
314  2016-10-10 00:00:00   -0.696956    -0.247401  -0.542309  -0.854277
315  2016-10-17 00:00:00   -0.748791    -0.224062  -0.550372  -0.946554
316  2016-10-24 00:00:00   -0.642072    -0.273334   -0.55239  -0.982905
317  2016-10-31 00:00:00   -0.376797    -0.176087  -0.473785  -0.990361
318  2016-11-07 00:00:00   -0.683235    -0.391975  -0.603713    -1.0612
319  2016-11-14 00:00:00   -0.997294    -0.605269  -0.812419   -1.04535
320  2016-11-21 00:00:00     -1.0537    -0.726503  -0.718651   -1.05002
321  2016-11-28 00:00:00    -1.01559    -0.742063  -0.700506  -0.929776
322  2016-12-05 00:00:00    -1.12078    -0.824398  -0.694814  -0.877581
323  2016-12-12 00:00:00    -1.25952    -0.946281   -0.84715  -0.965196
324  2016-12-19 00:00:00    -1.26257    -0.920348  -0.969224   -1.06306
325  2016-12-26 00:00:00    -1.13298    -0.900899  -0.929878   -1.00994
326  2017-01-02 00:00:00    -1.12231    -0.909327  -0.844127  -0.908339
327  2017-01-09 00:00:00    -1.00187    -0.793928  -0.635572  -0.849619
328  2017-01-16 00:00:00   -0.914968    -0.791334  -0.581051  -0.955875
329  2017-01-23 00:00:00   -0.873805    -0.823101  -0.584079  -0.855209
330  2017-01-30 00:00:00   -0.777758     -0.70446  -0.452826  -0.797422
331  2017-02-06 00:00:00   -0.940886    -0.736876  -0.453657  -0.829114
332  2017-02-13 00:00:00   -0.934788    -0.716778  -0.457701  -0.836568
333  2017-02-20 00:00:00    -1.00492    -0.675935  -0.448604  -0.843094
334  2017-02-27 00:00:00    -1.03236    -0.765402  -0.539544  -0.985702
335  2017-03-06 00:00:00    -1.04761    -0.807542  -0.580238   -1.02671
336  2017-03-13 00:00:00   -0.879904    -0.706406  -0.418463  -0.964264
337  2017-03-20 00:00:00   -0.773185    -0.633146   -0.49935  -0.986633
338  2017-03-27 00:00:00   -0.930214    -0.641575  -0.482163  -0.947485
339  2017-04-03 00:00:00    -1.04456    -0.637036  -0.628769   -1.00248
340  2017-04-10 00:00:00   -0.995771    -0.527472  -0.551569  -0.961468
341  2017-04-17 00:00:00   -0.895149    -0.526175  -0.580913   -1.05468
342  2017-04-24 00:00:00   -0.852461    -0.650003  -0.629479   -1.12365
343  2017-05-01 00:00:00   -0.747266    -0.700571  -0.702327   -1.13111
344  2017-05-08 00:00:00    -0.95918    -0.742711  -0.727291   -1.15627
345  2017-05-15 00:00:00   -0.530778    -0.638981  -0.660461    -1.0584
346  2017-05-22 00:00:00   -0.559745    -0.641575  -0.668563   -1.03137
347  2017-05-29 00:00:00   -0.382895    -0.598786  -0.680713   -1.04908
348  2017-06-05 00:00:00   -0.483517    -0.592951  -0.578877   -1.03417
349  2017-06-12 00:00:00   -0.556696    -0.623422  -0.483627  -0.912068
350  2017-06-19 00:00:00   -0.491139    -0.643519  -0.535306   -0.93537
351  2017-06-26 00:00:00   -0.334109    -0.705757  -0.418779  -0.775052
352  2017-07-03 00:00:00   -0.411862    -0.774478  -0.509974  -0.730312
353  2017-07-10 00:00:00   -0.411862    -0.710295   -0.27327  -0.597957
354  2017-07-17 00:00:00   -0.126768    -0.637684  -0.180996  -0.533644
355  2017-07-24 00:00:00   -0.498763      -0.6124  -0.105961  -0.475854
356  2017-07-31 00:00:00   -0.571941    -0.618235  -0.170857  -0.597957
357  2017-08-07 00:00:00   -0.390519    -0.535251  -0.199028  -0.617532
358  2017-08-14 00:00:00   -0.462173     -0.53979  -0.156406  -0.556013
359  2017-08-21 00:00:00    -0.31429    -0.548218  -0.150318  -0.498224
360  2017-08-28 00:00:00   -0.453025    -0.598137  -0.126978  -0.442298
361  2017-09-04 00:00:00    -0.15726    -0.469772 -0.0331358  -0.293166
362  2017-09-11 00:00:00    -0.38442    -0.630553 -0.0879729   -0.32206
363  2017-09-18 00:00:00   -0.555172    -0.691494  -0.121483  -0.414336
364  2017-09-25 00:00:00   -0.526205     -0.71613  -0.247403  -0.497293
365  2017-10-02 00:00:00    -0.68171    -0.723261   -0.32255  -0.533644
366  2017-10-09 00:00:00   -0.625302    -0.685011  -0.195172  -0.499436
367  2017-10-16 00:00:00   -0.786905    -0.765402  -0.266306  -0.580535
368  2017-10-23 00:00:00   -0.982049    -0.774478  -0.410602  -0.697985
369  2017-10-30 00:00:00    -1.02474    -0.795872  -0.436007  -0.662563
370  2017-11-06 00:00:00   -0.954607    -0.767347  -0.418728  -0.615957
371  2017-11-13 00:00:00   -0.847888    -0.696681  -0.512279  -0.665361
372  2017-11-20 00:00:00   -0.719824    -0.673342   -0.46652  -0.633666
373  2017-11-27 00:00:00   -0.678661    -0.697329  -0.473637  -0.626208
374  2017-12-04 00:00:00   -0.919543    -0.766699  -0.576171  -0.722594
375  2017-12-11 00:00:00   -0.893624    -0.722614  -0.432716  -0.727255
376  2017-12-18 00:00:00   -0.873805     -0.75827  -0.359461  -0.636829
377  2017-12-25 00:00:00   -0.660366    -0.731041  -0.270946  -0.549199
378  2018-01-01 00:00:00   -0.678661    -0.750491  -0.201763  -0.456907
379  2018-01-08 00:00:00   -0.570417    -0.648058  -0.156437  -0.492333
380  2018-01-15 00:00:00   -0.488091    -0.633795 -0.0719555  -0.510977
381  2018-01-22 00:00:00  -0.0322463    -0.528768  0.0471366    -0.4075
382  2018-01-29 00:00:00   0.0119662    -0.602028  -0.143205  -0.464366
383  2018-02-05 00:00:00   -0.114572     -0.53201  -0.267087  -0.568251
384  2018-02-12 00:00:00   0.0577036    -0.401699  -0.156049  -0.541212
385  2018-02-19 00:00:00  -0.0917042    -0.434115  -0.227357  -0.602752
386  2018-02-26 00:00:00   -0.105425    -0.367987  -0.305796  -0.729559
387  2018-03-05 00:00:00   -0.331061    -0.432818  -0.211813  -0.690306
388  2018-03-12 00:00:00   -0.356978     -0.39003  -0.349432  -0.840446
389  2018-03-19 00:00:00   -0.259406    -0.317419  -0.359624  -0.716417
390  2018-03-26 00:00:00   -0.421009    -0.408831  -0.373894  -0.728538
391  2018-04-02 00:00:00   -0.466747    -0.436708  -0.383068  -0.664193
392  2018-04-09 00:00:00    -0.52773    -0.467179  -0.282493  -0.570438
393  2018-04-16 00:00:00   -0.728972    -0.480145  -0.384502  -0.652519
394  2018-04-23 00:00:00   -0.916493    -0.555998  -0.472232  -0.695426
395  2018-04-30 00:00:00    -1.11164     -0.55859   -0.52936  -0.714083
396  2018-05-07 00:00:00    -1.11316    -0.568315  -0.502815  -0.672569
397  2018-05-14 00:00:00    -1.07352    -0.642871  -0.541614  -0.722945
398  2018-05-21 00:00:00      -0.979    -0.578688  -0.502815  -0.773323
399  2018-05-28 00:00:00   -0.939361    -0.586468  -0.485458  -0.766794
400  2018-06-04 00:00:00   -0.898199    -0.578688  -0.449899  -0.751582
401  2018-06-11 00:00:00      -1.072    -0.637684  -0.603174  -0.884094
402  2018-06-18 00:00:00   -0.946985    -0.605917  -0.606241  -0.932623
403  2018-06-25 00:00:00   -0.977476    -0.644816  -0.646093  -0.863566
404  2018-07-02 00:00:00   -0.985099    -0.629905  -0.621568  -0.844904
405  2018-07-09 00:00:00    -1.15585      -0.7278  -0.621747  -0.867395
406  2018-07-16 00:00:00    -1.01406    -0.688253   -0.60845  -0.849657
407  2018-07-23 00:00:00    -1.04913    -0.662321  -0.630952  -0.816047
408  2018-07-30 00:00:00    -1.05218    -0.672693  -0.640161  -0.775904
409  2018-08-06 00:00:00    -1.06895    -0.654541  -0.739629  -0.849682
410  2018-08-13 00:00:00    -1.07657    -0.643519  -0.720172  -0.812324
411  2018-08-20 00:00:00   -0.896674    -0.670748   -0.70686  -0.793645
412  2018-08-27 00:00:00   -0.700005    -0.669452  -0.843054  -0.807654
413  2018-09-03 00:00:00    -0.70153     -0.66621  -0.932143  -0.874895
414  2018-09-10 00:00:00   -0.675611    -0.717427  -0.867958  -0.797749
415  2018-09-17 00:00:00   -0.542975    -0.744656  -0.739854  -0.730475
416  2018-09-24 00:00:00     -0.8921    -0.795224  -0.797245  -0.734213
417  2018-10-01 00:00:00    -1.05828    -0.798466   -0.99401  -0.746358
418  2018-10-08 00:00:00    -1.05828    -0.728448  -0.917266  -0.793665
419  2018-10-15 00:00:00    -1.13908    -0.745952  -0.904954  -0.832926
420  2018-10-22 00:00:00     -1.1406    -0.707702   -0.92855  -0.818905
421  2018-10-29 00:00:00    -1.24275    -0.777071  -0.831096  -0.829188
422  2018-11-05 00:00:00    -1.27019    -0.805597   -0.79167  -0.880333
423  2018-11-12 00:00:00    -1.18939    -0.757622  -0.674621  -0.854142
424  2018-11-19 00:00:00     -1.1589    -0.760864  -0.786535  -0.877525
425  2018-11-26 00:00:00    -1.18329    -0.790686   -0.71569  -0.922421
426  2018-12-03 00:00:00    -1.04303    -0.753084  -0.813231  -0.936453
427  2018-12-10 00:00:00    -1.16957    -0.788093  -0.833643  -0.963416
428  2018-12-17 00:00:00    -1.12993    -0.683714  -0.977485   -1.07667
429  2018-12-24 00:00:00   -0.972902    -0.634443  -0.982625   -1.10943
430  2018-12-31 00:00:00    -1.01102    -0.542383  -0.891181  -0.973713
431  2019-01-07 00:00:00   -0.977476    -0.547569  -0.805046  -0.910828
432  2019-01-14 00:00:00     -1.1528    -0.609807  -0.837952  -0.907081
433  2019-01-21 00:00:00    -1.11621    -0.598137   -0.82664  -0.883672
434  2019-01-28 00:00:00     -1.1528    -0.596841  -0.757746  -0.815315
435  2019-02-04 00:00:00    -1.22446     -0.61629  -0.916053  -0.902356
436  2019-02-11 00:00:00    -1.29763    -0.651299  -0.863565  -0.892047
437  2019-02-18 00:00:00    -1.23513    -0.659727  -0.868712  -0.833017
438  2019-02-25 00:00:00    -1.22446      -0.7278  -0.926345  -0.916411
439  2019-03-04 00:00:00     -1.3449    -0.688253   -0.95479  -0.965218
440  2019-03-11 00:00:00    -1.27477     -0.70446  -0.915652  -0.932401
441  2019-03-18 00:00:00    -1.15737     -0.62407  -0.916681  -0.976471
442  2019-03-25 00:00:00    -1.18329    -0.668155  -0.901231  -0.941777
443  2019-04-01 00:00:00    -1.24885    -0.715482  -0.896083  -0.955841
444  2019-04-08 00:00:00    -1.29459    -0.731041  -0.818882  -0.928079
445  2019-04-15 00:00:00    -1.47143    -0.730393  -0.842587  -0.949658
446  2019-04-22 00:00:00    -1.52479    -0.714834   -0.95596  -0.988126
447  2019-04-29 00:00:00    -1.49735    -0.688901  -0.982759  -0.976867
448  2019-05-06 00:00:00    -1.42722    -0.629905  -0.988766  -0.963739
449  2019-05-13 00:00:00     -1.4135    -0.632498   -1.12904  -0.982515
450  2019-05-20 00:00:00    -1.28544    -0.598137   -1.06097  -0.972187
451  2019-05-27 00:00:00    -1.29154    -0.548866   -1.05272   -1.01725
452  2019-06-03 00:00:00    -1.10249    -0.541086  -0.998049  -0.894262
453  2019-06-10 00:00:00    -1.26104    -0.557294   -1.12207  -0.955151
454  2019-06-17 00:00:00    -0.94546    -0.500891   -1.05911  -0.849925
455  2019-06-24 00:00:00   -0.953082    -0.523582  -0.966235  -0.790733
456  2019-07-01 00:00:00    -1.16957    -0.560536   -1.00751   -0.77852
457  2019-07-08 00:00:00    -1.06438    -0.526175   -0.96448  -0.752566
458  2019-07-15 00:00:00    -1.04608    -0.523582   -0.93867  -0.766667
459  2019-07-22 00:00:00    -1.21073     -0.57415   -1.07908  -0.824015
460  2019-07-29 00:00:00    -1.05066    -0.463289   -1.19677  -0.847517
461  2019-08-05 00:00:00   -0.907346    -0.406886   -1.20762  -0.840185
462  2019-08-12 00:00:00   -0.998819    -0.444488   -1.20762   -0.87405
463  2019-08-19 00:00:00   -0.954607    -0.391975   -1.24066  -0.882516
464  2019-08-26 00:00:00    -1.17414    -0.445136   -1.25512  -0.889101
465  2019-09-02 00:00:00    -1.14213    -0.482738   -1.14566  -0.827015
466  2019-09-09 00:00:00    -1.19091    -0.546273    -1.1063  -0.872532
467  2019-09-16 00:00:00    -1.19701    -0.518395    -1.2261  -0.870649
468  2019-09-23 00:00:00    -1.20159     -0.53979   -1.22816   -0.85088
469  2019-09-30 00:00:00    -1.25952    -0.480793   -1.22094  -0.890419
470  2019-10-07 00:00:00    -1.28849    -0.560536   -1.19512  -0.827708
471  2019-10-14 00:00:00    -1.12231    -0.565722   -1.13315  -0.784382
472  2019-10-21 00:00:00    -1.26104    -0.579985   -1.16516  -0.751417
473  2019-10-28 00:00:00    -1.13603    -0.552756   -1.07118  -0.797569
474  2019-11-04 00:00:00    -1.30983    -0.609159   -1.13057  -0.833945
475  2019-11-11 00:00:00    -1.20464    -0.587765   -1.16982  -0.835831
476  2019-11-18 00:00:00    -1.31898    -0.577392   -1.19977  -0.866936
477  2019-11-25 00:00:00    -1.35404     -0.62018   -1.22559  -0.863165
478  2019-12-02 00:00:00    -1.21683    -0.577392   -1.14606  -0.855625
479  2019-12-09 00:00:00     -1.1467     -0.61629   -1.11714  -0.811196
480  2019-12-16 00:00:00    -1.11164    -0.624718   -1.08306  -0.793275
481  2019-12-23 00:00:00   -0.997294    -0.617587   -1.00249   -0.75083
482  2019-12-30 00:00:00   -0.968329    -0.550811   -1.02832  -0.704613
483  2020-01-06 00:00:00      -0.979    -0.627312   -1.07872  -0.739152
484  2020-01-13 00:00:00   -0.911919    -0.659727   -1.10764   -0.74104
485  2020-01-20 00:00:00   -0.974427    -0.616939   -1.16445  -0.780672
486  2020-01-27 00:00:00   -0.849413    -0.568964   -1.29666   -0.82974
487  2020-02-03 00:00:00    -1.06285    -0.641575   -1.31732  -0.869372
488  2020-02-10 00:00:00    -1.12993    -0.643519     -1.276  -0.838233
489  2020-02-17 00:00:00    -1.07657    -0.739469   -1.36587  -0.823135
490  2020-02-24 00:00:00   -0.882952    -0.550163   -1.48258   -0.92882
491  2020-03-02 00:00:00   -0.485041    -0.419204   -1.35554   -0.92882
492  2020-03-09 00:00:00   -0.733546    -0.564425   -1.76603   -1.13412
493  2020-03-16 00:00:00    -1.23208     -0.72002   -2.22055   -1.40231
494  2020-03-23 00:00:00   -0.706103    -0.550163   -1.83628   -1.20683
495  2020-03-30 00:00:00     -1.0659    -0.579336   -2.03358   -1.28238
496  2020-04-06 00:00:00   -0.914968    -0.571557   -1.65964   -1.20872
497  2020-04-13 00:00:00   -0.948508    -0.526823   -1.64827    -1.2295
498  2020-04-20 00:00:00    -1.05218    -0.528768   -1.62142   -1.25972
499  2020-04-27 00:00:00   -0.860085    -0.499594   -1.58836   -1.24555
500  2020-05-04 00:00:00    -1.01102    -0.493111    -1.4737   -1.17945
501  2020-05-11 00:00:00    -1.02931    -0.522934   -1.59353    -1.2616
502  2020-05-18 00:00:00    -1.02474     -0.54368   -1.46853   -1.20872
503  2020-05-25 00:00:00    -0.87533    -0.556646   -1.33425   -1.10579
504  2020-06-01 00:00:00   -0.884477    -0.649354   -1.02848  -0.946196
505  2020-06-08 00:00:00   -0.747266     -0.53201   -1.14108   -1.02174
506  2020-06-15 00:00:00   -0.741168    -0.501539   -1.15657   -1.02646
507  2020-06-22 00:00:00   -0.671038    -0.522934   -1.13695   -1.05952
508  2020-06-29 00:00:00   -0.632924    -0.540438   -1.07393   -1.01041
509  2020-07-06 00:00:00   -0.582614    -0.509967   -1.04708   -1.02174
510  2020-07-13 00:00:00   -0.523155    -0.509967  -0.987163    -1.0123
511  2020-07-20 00:00:00   -0.282275    -0.458103  -0.893162  -0.932975
512  2020-07-27 00:00:00   -0.154211    -0.452916  -0.843578  -0.919754
513  2020-08-03 00:00:00   -0.135917    -0.458751  -0.832215  -0.915977
514  2020-08-10 00:00:00  -0.0764576    -0.492463  -0.816721  -0.849873
515  2020-08-17 00:00:00   -0.117621    -0.454212  -0.826018  -0.814933
516  2020-08-24 00:00:00  0.00129433    -0.432818  -0.626652  -0.767716
517  2020-08-31 00:00:00   -0.142014    -0.477552  -0.697928  -0.745052
518  2020-09-07 00:00:00  -0.0856058    -0.469772  -0.714455  -0.813988
519  2020-09-14 00:00:00   -0.114572    -0.388733  -0.696895  -0.820598
520  2020-09-21 00:00:00   -0.424059    -0.446433  -0.966504  -0.922587
521  2020-09-28 00:00:00   -0.291422    -0.435412  -0.838414  -0.881981
522  2020-10-05 00:00:00   -0.111523    -0.444488  -0.755775  -0.786602